>CCGACTTA	1-CCGACTTA	6.833186	-20.284984	0	T:125.0(27.23%),B:4779.4(16.10%),P:1e-8	Tpos:604.4,Tstd:312.0,Bpos:581.9,Bstd:329.1,StrandBias:-0.1,Multiplicity:1.12
0.001	0.915	0.015	0.069
0.130	0.779	0.001	0.090
0.001	0.057	0.883	0.059
0.807	0.078	0.022	0.093
0.040	0.896	0.042	0.022
0.016	0.039	0.014	0.931
0.017	0.082	0.043	0.858
0.930	0.001	0.068	0.001
>GAATTTCC	2-GAATTTCC	7.000331	-20.182141	0	T:186.0(40.52%),B:8166.9(27.52%),P:1e-8	Tpos:585.1,Tstd:326.3,Bpos:547.7,Bstd:318.9,StrandBias:0.3,Multiplicity:1.33
0.078	0.017	0.904	0.001
0.958	0.040	0.001	0.001
0.869	0.050	0.048	0.033
0.249	0.001	0.061	0.689
0.009	0.001	0.001	0.989
0.001	0.094	0.001	0.904
0.012	0.942	0.001	0.045
0.080	0.918	0.001	0.001
>AAGTGAAA	3-AAGTGAAA	8.673169	-18.528273	0	T:127.0(27.67%),B:5028.6(16.94%),P:1e-8	Tpos:599.8,Tstd:333.5,Bpos:513.4,Bstd:317.8,StrandBias:-0.1,Multiplicity:1.25
0.856	0.001	0.142	0.001
0.997	0.001	0.001	0.001
0.001	0.248	0.750	0.001
0.001	0.001	0.001	0.997
0.001	0.141	0.857	0.001
0.997	0.001	0.001	0.001
0.997	0.001	0.001	0.001
0.997	0.001	0.001	0.001
>ATGAGGAA	4-ATGAGGAA	7.411002	-15.319750	0	T:219.0(47.71%),B:10684.4(36.00%),P:1e-6	Tpos:592.5,Tstd:307.2,Bpos:550.9,Bstd:326.8,StrandBias:-0.2,Multiplicity:1.42
0.787	0.211	0.001	0.001
0.082	0.001	0.001	0.916
0.001	0.197	0.563	0.239
0.939	0.059	0.001	0.001
0.001	0.001	0.997	0.001
0.001	0.001	0.796	0.202
0.997	0.001	0.001	0.001
0.935	0.001	0.001	0.063
>GACCGCCC	5-GACCGCCC	8.869564	-15.190448	0	T:61.0(13.29%),B:1957.3(6.59%),P:1e-6	Tpos:756.3,Tstd:279.0,Bpos:766.8,Bstd:273.7,StrandBias:0.3,Multiplicity:1.07
0.001	0.001	0.997	0.001
0.842	0.001	0.001	0.156
0.001	0.997	0.001	0.001
0.001	0.997	0.001	0.001
0.001	0.001	0.997	0.001
0.001	0.874	0.124	0.001
0.001	0.997	0.001	0.001
0.001	0.808	0.190	0.001
>TAATCGTA	6-TAATCGTA	6.487840	-13.447028	0	T:115.0(25.05%),B:4846.4(16.33%),P:1e-5	Tpos:454.7,Tstd:269.3,Bpos:464.1,Bstd:272.9,StrandBias:-0.4,Multiplicity:1.19
0.029	0.031	0.011	0.929
0.988	0.010	0.001	0.001
0.979	0.019	0.001	0.001
0.092	0.015	0.001	0.892
0.040	0.645	0.077	0.238
0.221	0.001	0.720	0.058
0.007	0.001	0.075	0.917
0.941	0.010	0.031	0.018
>TTCACGAG	7-TTCACGAG	9.664658	-12.093794	0	T:25.0(5.45%),B:568.0(1.91%),P:1e-5	Tpos:492.1,Tstd:313.3,Bpos:612.1,Bstd:317.6,StrandBias:0.4,Multiplicity:1.04
0.001	0.001	0.001	0.997
0.001	0.001	0.271	0.727
0.001	0.903	0.001	0.095
0.997	0.001	0.001	0.001
0.001	0.997	0.001	0.001
0.001	0.001	0.997	0.001
0.997	0.001	0.001	0.001
0.001	0.001	0.997	0.001
>GGTGTACT	8-GGTGTACT	7.836579	-11.453687	0	T:30.0(6.54%),B:789.2(2.66%),P:1e-4	Tpos:392.3,Tstd:242.2,Bpos:544.9,Bstd:315.6,StrandBias:-0.4,Multiplicity:1.23
0.001	0.001	0.997	0.001
0.001	0.001	0.997	0.001
0.001	0.237	0.001	0.761
0.094	0.001	0.904	0.001
0.001	0.001	0.001	0.997
0.997	0.001	0.001	0.001
0.001	0.997	0.001	0.001
0.001	0.001	0.057	0.941
>TGTGGGTT	9-TGTGGGTT	8.236954	-11.300240	0	T:41.0(8.93%),B:1270.4(4.28%),P:1e-4	Tpos:529.8,Tstd:274.6,Bpos:518.8,Bstd:310.1,StrandBias:-0.2,Multiplicity:1.07
0.100	0.100	0.100	0.700
0.100	0.100	0.700	0.100
0.100	0.100	0.100	0.700
0.100	0.100	0.700	0.100
0.100	0.100	0.700	0.100
0.100	0.100	0.700	0.100
0.100	0.100	0.100	0.700
0.100	0.100	0.100	0.700
>AGAAATTT	10-AGAAATTT	8.236954	-9.860424	0	T:37.0(8.06%),B:1172.3(3.95%),P:1e-4	Tpos:414.9,Tstd:256.2,Bpos:484.3,Bstd:286.5,StrandBias:0.0,Multiplicity:1.09
0.700	0.100	0.100	0.100
0.100	0.100	0.700	0.100
0.700	0.100	0.100	0.100
0.700	0.100	0.100	0.100
0.700	0.100	0.100	0.100
0.100	0.100	0.100	0.700
0.100	0.100	0.100	0.700
0.100	0.100	0.100	0.700
