>GGAAATTCCC	1-GGAAATTCCC	6.713692	-30.385413	0	T:185.0(40.31%),B:7233.9(24.37%),P:1e-13	Tpos:650.0,Tstd:315.7,Bpos:593.0,Bstd:329.0,StrandBias:-0.3,Multiplicity:1.34
0.064	0.040	0.852	0.044
0.033	0.081	0.825	0.061
0.867	0.029	0.036	0.068
0.822	0.058	0.048	0.072
0.613	0.087	0.092	0.208
0.025	0.091	0.071	0.813
0.076	0.110	0.060	0.754
0.051	0.907	0.025	0.017
0.021	0.824	0.085	0.070
0.088	0.732	0.087	0.093
>TCMTCCTTCA	2-TCMTCCTTCA	9.137902	-30.118901	0	T:76.0(16.56%),B:1903.5(6.41%),P:1e-13	Tpos:561.4,Tstd:306.4,Bpos:556.0,Bstd:332.2,StrandBias:0.0,Multiplicity:1.03
0.001	0.001	0.154	0.844
0.176	0.822	0.001	0.001
0.512	0.486	0.001	0.001
0.082	0.001	0.103	0.814
0.236	0.762	0.001	0.001
0.100	0.898	0.001	0.001
0.001	0.001	0.001	0.997
0.001	0.001	0.001	0.997
0.001	0.457	0.293	0.249
0.846	0.001	0.001	0.152
>AAGGCTCGGC	3-AAGGCTCGGC	9.279095	-29.491176	0	T:65.0(14.16%),B:1489.2(5.02%),P:1e-12	Tpos:738.4,Tstd:308.0,Bpos:649.0,Bstd:328.6,StrandBias:-0.2,Multiplicity:1.03
0.688	0.267	0.001	0.044
0.954	0.044	0.001	0.001
0.001	0.152	0.846	0.001
0.116	0.046	0.694	0.144
0.001	0.857	0.141	0.001
0.001	0.034	0.100	0.865
0.223	0.688	0.088	0.001
0.092	0.138	0.573	0.197
0.001	0.001	0.997	0.001
0.085	0.787	0.126	0.002
>GTGCTTTCCT	4-GTGCTTTCCT	9.913723	-24.873902	0	T:30.0(6.54%),B:417.3(1.41%),P:1e-10	Tpos:629.6,Tstd:328.4,Bpos:593.4,Bstd:328.5,StrandBias:1.0,Multiplicity:1.00
0.001	0.001	0.997	0.001
0.001	0.110	0.001	0.888
0.001	0.001	0.997	0.001
0.001	0.848	0.150	0.001
0.001	0.001	0.001	0.997
0.001	0.001	0.001	0.997
0.032	0.001	0.001	0.966
0.093	0.905	0.001	0.001
0.001	0.997	0.001	0.001
0.001	0.001	0.101	0.897
>CACACAAGCG	5-CACACAAGCG	8.667674	-24.809732	0	T:35.0(7.63%),B:566.5(1.91%),P:1e-10	Tpos:584.4,Tstd:334.0,Bpos:597.5,Bstd:302.5,StrandBias:-0.5,Multiplicity:1.03
0.001	0.871	0.048	0.080
0.943	0.001	0.055	0.001
0.090	0.908	0.001	0.001
0.997	0.001	0.001	0.001
0.001	0.815	0.068	0.116
0.850	0.093	0.001	0.056
0.909	0.018	0.072	0.001
0.023	0.001	0.909	0.067
0.001	0.985	0.001	0.013
0.090	0.001	0.849	0.060
>ACTGTGCTTG	6-ACTGTGCTTG	9.098733	-24.230480	0	T:49.0(10.68%),B:1059.1(3.57%),P:1e-10	Tpos:523.1,Tstd:306.6,Bpos:556.2,Bstd:322.8,StrandBias:0.5,Multiplicity:1.02
0.912	0.001	0.001	0.086
0.001	0.867	0.090	0.042
0.001	0.001	0.001	0.997
0.046	0.042	0.911	0.001
0.001	0.068	0.047	0.884
0.122	0.001	0.876	0.001
0.001	0.816	0.001	0.182
0.044	0.055	0.001	0.900
0.023	0.001	0.017	0.959
0.081	0.010	0.908	0.001
>AACGCAGCTT	7-AACGCAGCTT	9.289104	-23.115354	0	T:31.0(6.75%),B:480.6(1.62%),P:1e-10	Tpos:645.3,Tstd:286.5,Bpos:600.8,Bstd:329.6,StrandBias:-1.1,Multiplicity:1.00
0.899	0.001	0.099	0.001
0.885	0.040	0.021	0.054
0.001	0.983	0.001	0.015
0.001	0.134	0.797	0.068
0.001	0.997	0.001	0.001
0.900	0.001	0.052	0.047
0.001	0.048	0.851	0.100
0.081	0.868	0.050	0.001
0.001	0.027	0.042	0.930
0.001	0.042	0.032	0.925
>GAAAGTGAAA	8-GAAAGTGAAA	8.896461	-22.197842	0	T:78.0(16.99%),B:2345.2(7.90%),P:1e-9	Tpos:671.0,Tstd:301.1,Bpos:530.1,Bstd:316.5,StrandBias:-0.8,Multiplicity:1.14
0.146	0.068	0.726	0.060
0.876	0.001	0.078	0.045
0.850	0.013	0.108	0.029
0.799	0.105	0.079	0.017
0.050	0.119	0.762	0.069
0.001	0.072	0.016	0.911
0.022	0.143	0.802	0.033
0.838	0.010	0.070	0.082
0.662	0.044	0.134	0.160
0.796	0.009	0.105	0.090
>ACACCCGGGG	9-ACACCCGGGG	9.480713	-22.020977	0	T:45.0(9.80%),B:982.4(3.31%),P:1e-9	Tpos:580.3,Tstd:337.2,Bpos:641.6,Bstd:324.2,StrandBias:-0.1,Multiplicity:1.07
0.801	0.010	0.120	0.069
0.001	0.881	0.058	0.060
0.978	0.011	0.001	0.010
0.001	0.997	0.001	0.001
0.034	0.908	0.026	0.032
0.075	0.830	0.029	0.066
0.091	0.015	0.829	0.065
0.001	0.037	0.961	0.001
0.001	0.001	0.962	0.036
0.051	0.025	0.900	0.024
>YATCCGTCTC	10-YATCCGTCTC	10.870890	-20.881804	0	T:13.0(2.83%),B:75.5(0.25%),P:1e-9	Tpos:533.2,Tstd:233.8,Bpos:573.1,Bstd:296.2,StrandBias:0.7,Multiplicity:1.00
0.001	0.445	0.001	0.553
0.997	0.001	0.001	0.001
0.001	0.001	0.001	0.997
0.001	0.622	0.001	0.376
0.001	0.997	0.001	0.001
0.001	0.001	0.997	0.001
0.001	0.001	0.001	0.997
0.001	0.849	0.001	0.149
0.001	0.001	0.001	0.997
0.001	0.997	0.001	0.001
>AAAAAACCAG	11-AAAAAACCAG	9.996788	-19.085926	0	T:48.0(10.46%),B:1203.0(4.05%),P:1e-8	Tpos:479.2,Tstd:277.6,Bpos:523.0,Bstd:309.1,StrandBias:0.3,Multiplicity:1.04
0.788	0.065	0.001	0.146
0.737	0.046	0.067	0.150
0.781	0.090	0.128	0.001
0.997	0.001	0.001	0.001
0.969	0.001	0.029	0.001
0.953	0.001	0.001	0.045
0.001	0.940	0.058	0.001
0.105	0.893	0.001	0.001
0.971	0.001	0.001	0.027
0.001	0.001	0.997	0.001
>GTGTCATGTT	12-GTGTCATGTT	7.155437	-18.532503	0	T:103.0(22.44%),B:3777.2(12.73%),P:1e-8	Tpos:483.1,Tstd:303.2,Bpos:511.9,Bstd:299.7,StrandBias:-0.3,Multiplicity:1.21
0.033	0.080	0.834	0.053
0.063	0.094	0.059	0.784
0.061	0.051	0.843	0.045
0.074	0.026	0.044	0.856
0.078	0.735	0.102	0.085
0.804	0.086	0.038	0.072
0.054	0.066	0.032	0.848
0.091	0.062	0.724	0.123
0.060	0.080	0.087	0.773
0.052	0.087	0.055	0.806
>TTACTCATGT	13-TTACTCATGT	7.865740	-18.115820	0	T:43.0(9.37%),B:1042.6(3.51%),P:1e-7	Tpos:461.4,Tstd:238.0,Bpos:461.3,Bstd:280.9,StrandBias:0.2,Multiplicity:1.09
0.046	0.055	0.001	0.898
0.105	0.055	0.001	0.839
0.863	0.050	0.001	0.086
0.040	0.910	0.034	0.016
0.035	0.043	0.001	0.921
0.085	0.864	0.029	0.022
0.997	0.001	0.001	0.001
0.040	0.001	0.033	0.926
0.001	0.001	0.997	0.001
0.036	0.049	0.037	0.878
>CCGCCTTGTG	14-CCGCCTTGTG	7.170370	-17.984478	0	T:104.0(22.66%),B:3869.1(13.04%),P:1e-7	Tpos:682.6,Tstd:291.1,Bpos:705.5,Bstd:306.1,StrandBias:-0.2,Multiplicity:1.19
0.088	0.756	0.068	0.088
0.049	0.807	0.086	0.058
0.038	0.057	0.855	0.050
0.042	0.823	0.085	0.050
0.050	0.836	0.037	0.077
0.035	0.091	0.065	0.809
0.029	0.092	0.058	0.821
0.087	0.081	0.793	0.039
0.044	0.085	0.076	0.795
0.092	0.098	0.713	0.097
>CGATGGCTAG	15-CGATGGCTAG	8.033520	-17.950703	0	T:20.0(4.36%),B:262.2(0.88%),P:1e-7	Tpos:685.1,Tstd:327.9,Bpos:638.5,Bstd:315.9,StrandBias:-0.4,Multiplicity:1.15
0.111	0.696	0.035	0.158
0.179	0.239	0.481	0.102
0.517	0.264	0.206	0.013
0.227	0.175	0.010	0.588
0.326	0.037	0.593	0.044
0.060	0.187	0.676	0.077
0.328	0.606	0.059	0.007
0.211	0.059	0.060	0.670
0.796	0.022	0.020	0.162
0.075	0.069	0.806	0.050
>TTAGACACTG	16-TTAGACACTG	9.634805	-17.326621	0	T:33.0(7.19%),B:692.3(2.33%),P:1e-7	Tpos:565.1,Tstd:271.5,Bpos:518.0,Bstd:310.7,StrandBias:1.4,Multiplicity:1.12
0.068	0.045	0.059	0.828
0.010	0.018	0.154	0.818
0.934	0.001	0.001	0.064
0.009	0.016	0.974	0.001
0.963	0.001	0.024	0.012
0.141	0.848	0.010	0.001
0.956	0.001	0.001	0.042
0.001	0.965	0.001	0.033
0.169	0.036	0.061	0.734
0.001	0.024	0.974	0.001
>ACAAMCGTCA	17-ACAAMCGTCA	7.632015	-16.792062	0	T:26.0(5.66%),B:466.7(1.57%),P:1e-7	Tpos:424.0,Tstd:289.8,Bpos:549.9,Bstd:303.1,StrandBias:-0.5,Multiplicity:1.04
0.581	0.338	0.026	0.055
0.038	0.580	0.367	0.015
0.759	0.109	0.036	0.096
0.508	0.259	0.227	0.006
0.365	0.470	0.055	0.110
0.261	0.635	0.057	0.047
0.056	0.194	0.660	0.090
0.080	0.050	0.039	0.831
0.317	0.471	0.190	0.022
0.627	0.025	0.022	0.326
>CACAAAGTCT	18-CACAAAGTCT	10.693235	-16.566843	0	T:16.0(3.49%),B:180.9(0.61%),P:1e-7	Tpos:622.1,Tstd:282.3,Bpos:538.7,Bstd:305.4,StrandBias:0.5,Multiplicity:1.06
0.001	0.997	0.001	0.001
0.997	0.001	0.001	0.001
0.001	0.997	0.001	0.001
0.825	0.120	0.001	0.054
0.997	0.001	0.001	0.001
0.797	0.201	0.001	0.001
0.001	0.001	0.997	0.001
0.001	0.001	0.001	0.997
0.001	0.997	0.001	0.001
0.001	0.001	0.001	0.997
>GTAGAAATTT	19-GTAGAAATTT	10.375916	-16.437524	0	T:22.0(4.79%),B:348.9(1.18%),P:1e-7	Tpos:411.6,Tstd:231.2,Bpos:477.1,Bstd:275.4,StrandBias:0.6,Multiplicity:1.05
0.001	0.119	0.758	0.122
0.073	0.001	0.001	0.925
0.810	0.001	0.001	0.188
0.052	0.001	0.907	0.040
0.951	0.001	0.047	0.001
0.997	0.001	0.001	0.001
0.929	0.031	0.039	0.001
0.001	0.001	0.001	0.997
0.078	0.001	0.001	0.920
0.001	0.001	0.131	0.867
>AGCGGCGATC	20-AGCGGCGATC	10.753770	-16.062185	0	T:17.0(3.70%),B:213.2(0.72%),P:1e-6	Tpos:769.9,Tstd:213.4,Bpos:796.6,Bstd:278.8,StrandBias:0.2,Multiplicity:1.00
0.997	0.001	0.001	0.001
0.001	0.001	0.997	0.001
0.048	0.871	0.080	0.001
0.107	0.153	0.677	0.063
0.001	0.001	0.997	0.001
0.001	0.947	0.051	0.001
0.153	0.097	0.749	0.001
0.867	0.131	0.001	0.001
0.001	0.036	0.001	0.962
0.001	0.997	0.001	0.001
>WGMGCCCGAT	21-WGMGCCCGAT	8.728139	-15.353240	0	T:46.0(10.02%),B:1281.4(4.32%),P:1e-6	Tpos:587.1,Tstd:307.6,Bpos:670.2,Bstd:327.7,StrandBias:-0.1,Multiplicity:1.20
0.439	0.001	0.150	0.409
0.001	0.001	0.997	0.001
0.466	0.532	0.001	0.001
0.001	0.239	0.759	0.001
0.001	0.838	0.160	0.001
0.001	0.997	0.001	0.001
0.001	0.835	0.001	0.163
0.001	0.001	0.665	0.333
0.629	0.001	0.369	0.001
0.001	0.001	0.001	0.997
>CAATGCCCTC	22-CAATGCCCTC	11.129180	-14.161455	0	T:12.0(2.61%),B:117.2(0.39%),P:1e-6	Tpos:500.3,Tstd:280.7,Bpos:532.5,Bstd:327.5,StrandBias:-0.2,Multiplicity:1.25
0.001	0.997	0.001	0.001
0.997	0.001	0.001	0.001
0.997	0.001	0.001	0.001
0.001	0.001	0.001	0.997
0.001	0.001	0.997	0.001
0.001	0.997	0.001	0.001
0.001	0.997	0.001	0.001
0.001	0.911	0.001	0.087
0.001	0.233	0.001	0.765
0.001	0.997	0.001	0.001
>TGGTGGTGGT	23-TGGTGGTGGT	9.846696	-13.337233	0	T:43.0(9.37%),B:1250.2(4.21%),P:1e-5	Tpos:487.8,Tstd:291.5,Bpos:536.6,Bstd:331.3,StrandBias:0.5,Multiplicity:1.09
0.020	0.011	0.129	0.840
0.016	0.001	0.982	0.001
0.001	0.017	0.954	0.028
0.039	0.011	0.026	0.924
0.001	0.037	0.961	0.001
0.088	0.001	0.863	0.048
0.001	0.010	0.066	0.923
0.001	0.001	0.997	0.001
0.040	0.007	0.839	0.114
0.045	0.001	0.037	0.917
>GCGCGCACAC	24-GCGCGCACAC	8.503936	-13.239712	0	T:51.0(11.11%),B:1612.4(5.43%),P:1e-5	Tpos:723.1,Tstd:309.5,Bpos:728.8,Bstd:294.4,StrandBias:-0.4,Multiplicity:1.20
0.001	0.077	0.921	0.001
0.001	0.997	0.001	0.001
0.039	0.001	0.959	0.001
0.001	0.997	0.001	0.001
0.181	0.001	0.751	0.067
0.001	0.997	0.001	0.001
0.795	0.038	0.166	0.001
0.001	0.818	0.180	0.001
0.997	0.001	0.001	0.001
0.001	0.997	0.001	0.001
>WTGATACGYC	25-WTGATACGYC	10.148281	-9.227892	0	T:5.0(1.09%),B:26.5(0.09%),P:1e-4	Tpos:300.5,Tstd:233.3,Bpos:532.2,Bstd:302.1,StrandBias:3.2,Multiplicity:2.00
0.562	0.001	0.001	0.436
0.001	0.090	0.001	0.908
0.001	0.001	0.997	0.001
0.880	0.001	0.001	0.118
0.001	0.001	0.001	0.997
0.997	0.001	0.001	0.001
0.001	0.997	0.001	0.001
0.001	0.098	0.900	0.001
0.001	0.562	0.001	0.436
0.001	0.997	0.001	0.001
>CCGACTTA	1-CCGACTTA	6.833186	-20.284984	0	T:125.0(27.23%),B:4779.4(16.10%),P:1e-8	Tpos:604.4,Tstd:312.0,Bpos:581.9,Bstd:329.1,StrandBias:-0.1,Multiplicity:1.12
0.001	0.915	0.015	0.069
0.130	0.779	0.001	0.090
0.001	0.057	0.883	0.059
0.807	0.078	0.022	0.093
0.040	0.896	0.042	0.022
0.016	0.039	0.014	0.931
0.017	0.082	0.043	0.858
0.930	0.001	0.068	0.001
>GAATTTCC	2-GAATTTCC	7.000331	-20.182141	0	T:186.0(40.52%),B:8166.9(27.52%),P:1e-8	Tpos:585.1,Tstd:326.3,Bpos:547.7,Bstd:318.9,StrandBias:0.3,Multiplicity:1.33
0.078	0.017	0.904	0.001
0.958	0.040	0.001	0.001
0.869	0.050	0.048	0.033
0.249	0.001	0.061	0.689
0.009	0.001	0.001	0.989
0.001	0.094	0.001	0.904
0.012	0.942	0.001	0.045
0.080	0.918	0.001	0.001
>AAGTGAAA	3-AAGTGAAA	8.673169	-18.528273	0	T:127.0(27.67%),B:5028.6(16.94%),P:1e-8	Tpos:599.8,Tstd:333.5,Bpos:513.4,Bstd:317.8,StrandBias:-0.1,Multiplicity:1.25
0.856	0.001	0.142	0.001
0.997	0.001	0.001	0.001
0.001	0.248	0.750	0.001
0.001	0.001	0.001	0.997
0.001	0.141	0.857	0.001
0.997	0.001	0.001	0.001
0.997	0.001	0.001	0.001
0.997	0.001	0.001	0.001
>ATGAGGAA	4-ATGAGGAA	7.411002	-15.319750	0	T:219.0(47.71%),B:10684.4(36.00%),P:1e-6	Tpos:592.5,Tstd:307.2,Bpos:550.9,Bstd:326.8,StrandBias:-0.2,Multiplicity:1.42
0.787	0.211	0.001	0.001
0.082	0.001	0.001	0.916
0.001	0.197	0.563	0.239
0.939	0.059	0.001	0.001
0.001	0.001	0.997	0.001
0.001	0.001	0.796	0.202
0.997	0.001	0.001	0.001
0.935	0.001	0.001	0.063
>GACCGCCC	5-GACCGCCC	8.869564	-15.190448	0	T:61.0(13.29%),B:1957.3(6.59%),P:1e-6	Tpos:756.3,Tstd:279.0,Bpos:766.8,Bstd:273.7,StrandBias:0.3,Multiplicity:1.07
0.001	0.001	0.997	0.001
0.842	0.001	0.001	0.156
0.001	0.997	0.001	0.001
0.001	0.997	0.001	0.001
0.001	0.001	0.997	0.001
0.001	0.874	0.124	0.001
0.001	0.997	0.001	0.001
0.001	0.808	0.190	0.001
>TAATCGTA	6-TAATCGTA	6.487840	-13.447028	0	T:115.0(25.05%),B:4846.4(16.33%),P:1e-5	Tpos:454.7,Tstd:269.3,Bpos:464.1,Bstd:272.9,StrandBias:-0.4,Multiplicity:1.19
0.029	0.031	0.011	0.929
0.988	0.010	0.001	0.001
0.979	0.019	0.001	0.001
0.092	0.015	0.001	0.892
0.040	0.645	0.077	0.238
0.221	0.001	0.720	0.058
0.007	0.001	0.075	0.917
0.941	0.010	0.031	0.018
>TTCACGAG	7-TTCACGAG	9.664658	-12.093794	0	T:25.0(5.45%),B:568.0(1.91%),P:1e-5	Tpos:492.1,Tstd:313.3,Bpos:612.1,Bstd:317.6,StrandBias:0.4,Multiplicity:1.04
0.001	0.001	0.001	0.997
0.001	0.001	0.271	0.727
0.001	0.903	0.001	0.095
0.997	0.001	0.001	0.001
0.001	0.997	0.001	0.001
0.001	0.001	0.997	0.001
0.997	0.001	0.001	0.001
0.001	0.001	0.997	0.001
>GGTGTACT	8-GGTGTACT	7.836579	-11.453687	0	T:30.0(6.54%),B:789.2(2.66%),P:1e-4	Tpos:392.3,Tstd:242.2,Bpos:544.9,Bstd:315.6,StrandBias:-0.4,Multiplicity:1.23
0.001	0.001	0.997	0.001
0.001	0.001	0.997	0.001
0.001	0.237	0.001	0.761
0.094	0.001	0.904	0.001
0.001	0.001	0.001	0.997
0.997	0.001	0.001	0.001
0.001	0.997	0.001	0.001
0.001	0.001	0.057	0.941
>TGTGGGTT	9-TGTGGGTT	8.236954	-11.300240	0	T:41.0(8.93%),B:1270.4(4.28%),P:1e-4	Tpos:529.8,Tstd:274.6,Bpos:518.8,Bstd:310.1,StrandBias:-0.2,Multiplicity:1.07
0.100	0.100	0.100	0.700
0.100	0.100	0.700	0.100
0.100	0.100	0.100	0.700
0.100	0.100	0.700	0.100
0.100	0.100	0.700	0.100
0.100	0.100	0.700	0.100
0.100	0.100	0.100	0.700
0.100	0.100	0.100	0.700
>AGAAATTT	10-AGAAATTT	8.236954	-9.860424	0	T:37.0(8.06%),B:1172.3(3.95%),P:1e-4	Tpos:414.9,Tstd:256.2,Bpos:484.3,Bstd:286.5,StrandBias:0.0,Multiplicity:1.09
0.700	0.100	0.100	0.100
0.100	0.100	0.700	0.100
0.700	0.100	0.100	0.100
0.700	0.100	0.100	0.100
0.700	0.100	0.100	0.100
0.100	0.100	0.100	0.700
0.100	0.100	0.100	0.700
0.100	0.100	0.100	0.700
