>AAAGCGAAAC	1-AAAGCGAAAC	9.183940	-92.358912	0	T:255.0(17.96%),B:2031.9(6.96%),P:1e-40	Tpos:706.4,Tstd:312.1,Bpos:547.2,Bstd:325.6,StrandBias:-0.1,Multiplicity:1.16
0.642	0.001	0.356	0.001
0.997	0.001	0.001	0.001
0.997	0.001	0.001	0.001
0.161	0.222	0.470	0.147
0.001	0.716	0.001	0.282
0.120	0.001	0.878	0.001
0.983	0.015	0.001	0.001
0.997	0.001	0.001	0.001
0.997	0.001	0.001	0.001
0.001	0.727	0.271	0.001
>GGAAATTCCC	2-GGAAATTCCC	7.745811	-54.746692	0	T:228.0(16.06%),B:2238.1(7.66%),P:1e-23	Tpos:634.7,Tstd:311.2,Bpos:578.7,Bstd:317.5,StrandBias:0.2,Multiplicity:1.12
0.067	0.001	0.931	0.001
0.001	0.001	0.986	0.012
0.913	0.003	0.083	0.001
0.977	0.021	0.001	0.001
0.850	0.024	0.025	0.101
0.080	0.001	0.050	0.869
0.027	0.096	0.049	0.828
0.043	0.925	0.001	0.031
0.030	0.940	0.001	0.029
0.088	0.867	0.008	0.037
>ACTTCCTCTY	3-ACTTCCTCTY	8.962099	-29.034032	0	T:258.0(18.17%),B:3332.3(11.41%),P:1e-12	Tpos:606.8,Tstd:309.0,Bpos:568.1,Bstd:334.0,StrandBias:-0.0,Multiplicity:1.09
0.678	0.017	0.001	0.304
0.001	0.570	0.351	0.078
0.001	0.116	0.001	0.882
0.061	0.001	0.001	0.937
0.152	0.527	0.181	0.140
0.001	0.866	0.132	0.001
0.001	0.001	0.001	0.997
0.002	0.706	0.001	0.291
0.009	0.152	0.001	0.838
0.001	0.465	0.005	0.529
>TGWGTTACGC	4-TGWGTTACGC	5.620557	-25.272525	0	T:158.0(11.13%),B:1818.6(6.23%),P:1e-10	Tpos:571.1,Tstd:326.8,Bpos:600.7,Bstd:321.8,StrandBias:-0.1,Multiplicity:1.06
0.135	0.271	0.152	0.442
0.009	0.234	0.630	0.127
0.447	0.225	0.021	0.307
0.189	0.259	0.433	0.119
0.191	0.090	0.248	0.472
0.223	0.258	0.013	0.506
0.594	0.024	0.288	0.094
0.076	0.611	0.012	0.301
0.223	0.201	0.448	0.128
0.120	0.641	0.009	0.230
>GGGCGGTSCC	5-GGGCGGTSCC	9.102087	-25.223224	0	T:268.0(18.87%),B:3632.4(12.44%),P:1e-10	Tpos:800.9,Tstd:238.9,Bpos:801.7,Bstd:277.3,StrandBias:0.2,Multiplicity:1.16
0.086	0.001	0.836	0.077
0.103	0.001	0.895	0.001
0.001	0.020	0.926	0.053
0.001	0.997	0.001	0.001
0.001	0.001	0.897	0.101
0.001	0.001	0.997	0.001
0.266	0.001	0.001	0.732
0.001	0.455	0.416	0.128
0.108	0.564	0.295	0.033
0.205	0.475	0.178	0.141
>MGGTGTACTG	6-MGGTGTACTG	7.292295	-24.961705	0	T:67.0(4.72%),B:522.6(1.79%),P:1e-10	Tpos:504.9,Tstd:287.5,Bpos:562.4,Bstd:323.4,StrandBias:-0.4,Multiplicity:1.09
0.311	0.426	0.003	0.260
0.050	0.226	0.647	0.077
0.091	0.042	0.714	0.153
0.252	0.100	0.058	0.590
0.053	0.153	0.575	0.219
0.353	0.056	0.035	0.556
0.513	0.197	0.163	0.127
0.030	0.566	0.110	0.294
0.005	0.059	0.051	0.885
0.284	0.085	0.471	0.160
>CATACGTCAC	7-CATACGTCAC	7.871820	-24.478976	0	T:41.0(2.89%),B:229.4(0.79%),P:1e-10	Tpos:633.2,Tstd:354.9,Bpos:669.0,Bstd:330.9,StrandBias:-0.9,Multiplicity:1.00
0.258	0.645	0.046	0.051
0.490	0.227	0.034	0.250
0.115	0.133	0.164	0.588
0.457	0.133	0.236	0.173
0.074	0.850	0.022	0.054
0.203	0.198	0.518	0.081
0.032	0.109	0.245	0.614
0.019	0.667	0.240	0.074
0.912	0.022	0.043	0.023
0.276	0.642	0.039	0.043
>TCTCGATAAG	8-TCTCGATAAG	7.141266	-23.913715	0	T:74.0(5.21%),B:626.5(2.15%),P:1e-10	Tpos:581.6,Tstd:297.1,Bpos:588.7,Bstd:309.8,StrandBias:0.4,Multiplicity:1.03
0.150	0.210	0.125	0.515
0.123	0.735	0.045	0.097
0.076	0.306	0.126	0.491
0.230	0.439	0.259	0.072
0.060	0.073	0.757	0.110
0.668	0.115	0.061	0.156
0.098	0.190	0.193	0.519
0.555	0.142	0.119	0.184
0.739	0.060	0.167	0.034
0.225	0.069	0.635	0.071
>CCGTAGTAGT	9-CCGTAGTAGT	9.754867	-23.003962	0	T:25.0(1.76%),B:91.1(0.31%),P:1e-9	Tpos:727.2,Tstd:312.4,Bpos:718.0,Bstd:252.6,StrandBias:0.1,Multiplicity:1.04
0.001	0.922	0.028	0.049
0.027	0.971	0.001	0.001
0.001	0.001	0.967	0.031
0.062	0.001	0.001	0.936
0.922	0.076	0.001	0.001
0.001	0.001	0.997	0.001
0.095	0.077	0.031	0.797
0.965	0.001	0.001	0.033
0.037	0.063	0.844	0.056
0.049	0.034	0.044	0.873
>GAACTACCCA	10-GAACTACCCA	9.498083	-22.963177	0	T:65.0(4.58%),B:524.4(1.80%),P:1e-9	Tpos:619.0,Tstd:291.4,Bpos:535.6,Bstd:311.7,StrandBias:-0.4,Multiplicity:1.03
0.001	0.001	0.882	0.116
0.967	0.008	0.001	0.024
0.976	0.009	0.001	0.014
0.001	0.951	0.047	0.001
0.001	0.035	0.001	0.963
0.804	0.077	0.066	0.053
0.039	0.959	0.001	0.001
0.078	0.727	0.158	0.037
0.037	0.961	0.001	0.001
0.852	0.012	0.001	0.135
>ATMGWRTAAG	11-ATMGWRTAAG	7.265453	-21.731176	0	T:45.0(3.17%),B:298.6(1.02%),P:1e-9	Tpos:507.3,Tstd:319.8,Bpos:498.8,Bstd:297.1,StrandBias:-0.2,Multiplicity:1.00
0.481	0.246	0.272	0.001
0.032	0.229	0.095	0.644
0.311	0.425	0.036	0.227
0.036	0.266	0.460	0.239
0.435	0.025	0.221	0.319
0.317	0.152	0.365	0.167
0.179	0.021	0.001	0.799
0.596	0.088	0.283	0.033
0.822	0.103	0.074	0.001
0.001	0.154	0.803	0.042
>GAGATGACTC	12-GAGATGACTC	9.441204	-21.520435	0	T:69.0(4.86%),B:597.0(2.04%),P:1e-9	Tpos:553.7,Tstd:321.6,Bpos:555.8,Bstd:321.0,StrandBias:-0.8,Multiplicity:1.03
0.235	0.087	0.677	0.001
0.827	0.171	0.001	0.001
0.132	0.001	0.866	0.001
0.795	0.080	0.034	0.091
0.052	0.001	0.001	0.946
0.162	0.001	0.836	0.001
0.752	0.246	0.001	0.001
0.182	0.816	0.001	0.001
0.001	0.001	0.001	0.997
0.043	0.832	0.124	0.001
>AAGTCTTCAT	13-AAGTCTTCAT	7.463817	-21.427568	0	T:174.0(12.25%),B:2182.4(7.47%),P:1e-9	Tpos:481.2,Tstd:297.2,Bpos:493.5,Bstd:307.4,StrandBias:0.4,Multiplicity:1.06
0.834	0.052	0.030	0.084
0.806	0.091	0.061	0.042
0.086	0.031	0.818	0.065
0.069	0.139	0.032	0.760
0.067	0.812	0.048	0.073
0.044	0.108	0.076	0.772
0.083	0.061	0.078	0.778
0.058	0.813	0.099	0.030
0.807	0.052	0.082	0.059
0.059	0.068	0.066	0.807
>GTAAGTTAGC	14-GTAAGTTAGC	10.157213	-20.416221	0	T:33.0(2.32%),B:181.3(0.62%),P:1e-8	Tpos:527.7,Tstd:303.9,Bpos:476.8,Bstd:329.7,StrandBias:-0.7,Multiplicity:1.03
0.001	0.001	0.844	0.154
0.038	0.042	0.062	0.858
0.774	0.217	0.001	0.008
0.935	0.001	0.032	0.032
0.001	0.001	0.997	0.001
0.001	0.001	0.001	0.997
0.001	0.082	0.020	0.897
0.966	0.001	0.032	0.001
0.036	0.001	0.948	0.015
0.181	0.795	0.023	0.001
>GTCCAAATGA	15-GTCCAAATGA	8.755085	-20.048123	0	T:79.0(5.56%),B:758.2(2.60%),P:1e-8	Tpos:451.8,Tstd:272.0,Bpos:532.7,Bstd:301.5,StrandBias:0.0,Multiplicity:1.01
0.001	0.026	0.972	0.001
0.023	0.038	0.053	0.886
0.001	0.964	0.034	0.001
0.108	0.890	0.001	0.001
0.857	0.026	0.031	0.086
0.855	0.010	0.024	0.111
0.904	0.051	0.001	0.044
0.041	0.047	0.060	0.852
0.048	0.001	0.932	0.019
0.988	0.001	0.010	0.001
>TCTAGAAACT	16-TCTAGAAACT	9.345465	-19.067923	0	T:105.0(7.39%),B:1158.8(3.97%),P:1e-8	Tpos:502.4,Tstd:306.4,Bpos:506.2,Bstd:308.4,StrandBias:-0.3,Multiplicity:1.08
0.113	0.019	0.001	0.867
0.066	0.746	0.018	0.170
0.001	0.041	0.050	0.908
0.909	0.011	0.079	0.001
0.053	0.043	0.892	0.012
0.963	0.005	0.001	0.031
0.953	0.009	0.037	0.001
0.931	0.001	0.001	0.067
0.044	0.854	0.040	0.062
0.001	0.015	0.008	0.976
>VCCATCTGAC	17-VCCATCTGAC	7.153843	-18.985848	0	T:72.0(5.07%),B:680.6(2.33%),P:1e-8	Tpos:564.6,Tstd:281.9,Bpos:600.7,Bstd:318.1,StrandBias:-0.6,Multiplicity:1.11
0.333	0.391	0.263	0.014
0.112	0.430	0.261	0.197
0.183	0.569	0.025	0.223
0.550	0.069	0.336	0.045
0.015	0.222	0.259	0.504
0.027	0.569	0.136	0.268
0.218	0.022	0.027	0.733
0.092	0.169	0.716	0.023
0.737	0.020	0.018	0.225
0.145	0.521	0.012	0.322
>CGTTTGCCCA	18-CGTTTGCCCA	9.907147	-18.578027	0	T:59.0(4.15%),B:511.1(1.75%),P:1e-8	Tpos:601.8,Tstd:308.4,Bpos:586.3,Bstd:308.5,StrandBias:-0.2,Multiplicity:1.02
0.001	0.911	0.087	0.001
0.041	0.065	0.822	0.072
0.001	0.032	0.001	0.966
0.001	0.084	0.193	0.722
0.001	0.001	0.178	0.820
0.001	0.001	0.927	0.071
0.001	0.997	0.001	0.001
0.001	0.943	0.001	0.055
0.001	0.997	0.001	0.001
0.882	0.001	0.116	0.001
>CTWCGGTGCC	19-CTWCGGTGCC	6.199168	-18.448421	0	T:105.0(7.39%),B:1173.0(4.02%),P:1e-8	Tpos:636.0,Tstd:327.4,Bpos:682.3,Bstd:322.2,StrandBias:0.0,Multiplicity:1.06
0.224	0.409	0.193	0.174
0.145	0.121	0.143	0.591
0.349	0.098	0.074	0.480
0.051	0.703	0.124	0.122
0.104	0.108	0.616	0.172
0.150	0.158	0.555	0.137
0.175	0.134	0.150	0.541
0.166	0.098	0.577	0.159
0.150	0.611	0.116	0.123
0.244	0.465	0.134	0.157
>AGGACAAGTT	20-AGGACAAGTT	8.747436	-15.374666	0	T:101.0(7.11%),B:1191.8(4.08%),P:1e-6	Tpos:476.8,Tstd:277.4,Bpos:531.2,Bstd:308.9,StrandBias:-0.5,Multiplicity:1.10
0.956	0.030	0.001	0.013
0.001	0.001	0.966	0.032
0.001	0.087	0.911	0.001
0.862	0.032	0.051	0.055
0.043	0.875	0.030	0.052
0.936	0.031	0.018	0.015
0.972	0.001	0.026	0.001
0.001	0.098	0.853	0.048
0.053	0.098	0.001	0.848
0.037	0.065	0.001	0.897
>GGCCAYRCTC	21-GGCCAYRCTC	8.933370	-14.171456	0	T:138.0(9.72%),B:1829.0(6.26%),P:1e-6	Tpos:733.7,Tstd:306.4,Bpos:747.3,Bstd:304.8,StrandBias:0.1,Multiplicity:1.11
0.186	0.001	0.780	0.033
0.168	0.068	0.728	0.036
0.010	0.912	0.063	0.015
0.050	0.856	0.043	0.051
0.921	0.019	0.054	0.006
0.056	0.456	0.025	0.462
0.417	0.065	0.517	0.001
0.044	0.639	0.258	0.059
0.113	0.335	0.009	0.543
0.040	0.896	0.034	0.030
>GATCGTTTTC	22-GATCGTTTTC	11.104923	-12.971369	0	T:11.0(0.77%),B:31.8(0.11%),P:1e-5	Tpos:618.5,Tstd:241.2,Bpos:534.6,Bstd:334.5,StrandBias:0.3,Multiplicity:1.00
0.001	0.001	0.997	0.001
0.997	0.001	0.001	0.001
0.001	0.001	0.001	0.997
0.001	0.997	0.001	0.001
0.001	0.001	0.997	0.001
0.001	0.001	0.070	0.928
0.001	0.001	0.001	0.997
0.001	0.070	0.001	0.928
0.001	0.001	0.001	0.997
0.001	0.997	0.001	0.001
>GGTGGTGGYG	23-GGTGGTGGYG	9.349155	-12.817909	0	T:99.0(6.97%),B:1234.6(4.23%),P:1e-5	Tpos:604.6,Tstd:316.0,Bpos:607.2,Bstd:345.2,StrandBias:0.4,Multiplicity:1.05
0.001	0.001	0.997	0.001
0.001	0.001	0.997	0.001
0.001	0.001	0.378	0.620
0.001	0.001	0.997	0.001
0.001	0.001	0.997	0.001
0.032	0.001	0.001	0.966
0.001	0.001	0.997	0.001
0.001	0.001	0.997	0.001
0.001	0.434	0.001	0.564
0.001	0.001	0.997	0.001
>TTGTTGAAGT	24-TTGTTGAAGT	12.034092	-12.709996	0	T:16.0(1.13%),B:73.8(0.25%),P:1e-5	Tpos:391.2,Tstd:280.3,Bpos:495.4,Bstd:285.7,StrandBias:-0.4,Multiplicity:1.00
0.001	0.001	0.001	0.997
0.001	0.001	0.001	0.997
0.001	0.001	0.997	0.001
0.001	0.001	0.001	0.997
0.001	0.001	0.001	0.997
0.001	0.001	0.997	0.001
0.833	0.165	0.001	0.001
0.997	0.001	0.001	0.001
0.001	0.001	0.997	0.001
0.001	0.001	0.001	0.997
>CAAGTAAGGA	25-CAAGTAAGGA	11.965099	-10.487095	0	T:13.0(0.92%),B:60.4(0.21%),P:1e-4	Tpos:506.2,Tstd:262.8,Bpos:549.4,Bstd:255.7,StrandBias:0.6,Multiplicity:1.15
0.001	0.997	0.001	0.001
0.997	0.001	0.001	0.001
0.997	0.001	0.001	0.001
0.001	0.001	0.997	0.001
0.001	0.001	0.001	0.997
0.997	0.001	0.001	0.001
0.997	0.001	0.001	0.001
0.001	0.001	0.844	0.154
0.001	0.001	0.997	0.001
0.997	0.001	0.001	0.001
