>GGGAATTT	1-GGGAATTT	7.214502	-35.914168	0	T:525.0(36.97%),B:7834.6(26.83%),P:1e-15	Tpos:551.8,Tstd:308.8,Bpos:536.1,Bstd:322.1,StrandBias:0.0,Multiplicity:1.21
0.001	0.054	0.898	0.047
0.040	0.001	0.958	0.001
0.065	0.001	0.933	0.001
0.808	0.001	0.129	0.062
0.840	0.079	0.001	0.080
0.081	0.063	0.122	0.734
0.001	0.001	0.001	0.997
0.001	0.133	0.001	0.865
>TTTCGGTT	2-TTTCGGTT	8.536966	-34.563604	0	T:158.0(11.13%),B:1607.6(5.51%),P:1e-15	Tpos:659.7,Tstd:322.1,Bpos:565.6,Bstd:327.1,StrandBias:-0.4,Multiplicity:1.06
0.001	0.001	0.001	0.997
0.027	0.043	0.001	0.929
0.016	0.001	0.041	0.942
0.078	0.920	0.001	0.001
0.073	0.001	0.847	0.079
0.197	0.122	0.511	0.170
0.019	0.001	0.039	0.941
0.001	0.001	0.001	0.997
>GTTTCACT	3-GTTTCACT	9.767369	-27.685814	0	T:148.0(10.42%),B:1606.2(5.50%),P:1e-12	Tpos:631.1,Tstd:324.3,Bpos:507.4,Bstd:317.3,StrandBias:0.3,Multiplicity:1.09
0.001	0.001	0.997	0.001
0.001	0.001	0.001	0.997
0.001	0.001	0.001	0.997
0.001	0.001	0.001	0.997
0.001	0.997	0.001	0.001
0.997	0.001	0.001	0.001
0.001	0.726	0.272	0.001
0.001	0.001	0.001	0.997
>TGCMACAC	4-TGCMACAC	7.131712	-19.385711	0	T:334.0(23.52%),B:5049.6(17.29%),P:1e-8	Tpos:532.9,Tstd:303.9,Bpos:529.3,Bstd:318.9,StrandBias:0.0,Multiplicity:1.15
0.055	0.001	0.001	0.943
0.001	0.001	0.919	0.079
0.001	0.705	0.001	0.293
0.335	0.375	0.150	0.140
0.997	0.001	0.001	0.001
0.001	0.978	0.020	0.001
0.997	0.001	0.001	0.001
0.001	0.997	0.001	0.001
>AHGATGAA	5-AHGATGAA	7.319226	-17.435218	0	T:391.0(27.54%),B:6206.7(21.26%),P:1e-7	Tpos:559.5,Tstd:309.1,Bpos:543.7,Bstd:323.0,StrandBias:-0.1,Multiplicity:1.22
0.659	0.001	0.339	0.001
0.373	0.377	0.001	0.249
0.270	0.109	0.620	0.001
0.890	0.001	0.108	0.001
0.001	0.209	0.267	0.523
0.001	0.001	0.943	0.055
0.930	0.068	0.001	0.001
0.725	0.118	0.001	0.156
>CTTCCTYT	6-CTTCCTYT	6.541461	-17.217883	0	T:504.0(35.49%),B:8374.8(28.68%),P:1e-7	Tpos:544.8,Tstd:316.7,Bpos:541.7,Bstd:327.2,StrandBias:-0.0,Multiplicity:1.24
0.001	0.997	0.001	0.001
0.001	0.001	0.001	0.997
0.001	0.001	0.001	0.997
0.412	0.586	0.001	0.001
0.034	0.964	0.001	0.001
0.001	0.001	0.001	0.997
0.001	0.459	0.001	0.539
0.001	0.001	0.001	0.997
>TACGTCAC	7-TACGTCAC	6.829409	-17.032803	0	T:263.0(18.52%),B:3879.4(13.29%),P:1e-7	Tpos:569.9,Tstd:326.5,Bpos:604.2,Bstd:334.8,StrandBias:0.3,Multiplicity:1.11
0.001	0.001	0.001	0.997
0.804	0.001	0.194	0.001
0.001	0.773	0.001	0.225
0.001	0.065	0.929	0.005
0.092	0.100	0.074	0.734
0.049	0.821	0.129	0.001
0.997	0.001	0.001	0.001
0.106	0.892	0.001	0.001
>TACTCTGC	8-TACTCTGC	8.838608	-15.912027	0	T:164.0(11.55%),B:2202.8(7.54%),P:1e-6	Tpos:547.6,Tstd:310.1,Bpos:531.7,Bstd:323.7,StrandBias:0.2,Multiplicity:1.07
0.001	0.001	0.001	0.997
0.997	0.001	0.001	0.001
0.161	0.837	0.001	0.001
0.001	0.001	0.001	0.997
0.001	0.818	0.180	0.001
0.156	0.001	0.001	0.842
0.001	0.001	0.997	0.001
0.001	0.997	0.001	0.001
>CACCGCCC	9-CACCGCCC	8.366805	-15.329291	0	T:353.0(24.86%),B:5615.4(19.23%),P:1e-6	Tpos:758.6,Tstd:265.8,Bpos:742.7,Bstd:312.2,StrandBias:-0.3,Multiplicity:1.25
0.090	0.653	0.256	0.001
0.997	0.001	0.001	0.001
0.001	0.852	0.146	0.001
0.001	0.997	0.001	0.001
0.001	0.001	0.997	0.001
0.001	0.997	0.001	0.001
0.001	0.869	0.001	0.129
0.001	0.997	0.001	0.001
>ACATAGTA	10-ACATAGTA	9.004118	-14.917264	0	T:100.0(7.04%),B:1188.1(4.07%),P:1e-6	Tpos:482.6,Tstd:308.4,Bpos:458.5,Bstd:276.1,StrandBias:0.2,Multiplicity:1.04
0.997	0.001	0.001	0.001
0.001	0.997	0.001	0.001
0.997	0.001	0.001	0.001
0.001	0.001	0.001	0.997
0.829	0.001	0.169	0.001
0.001	0.001	0.997	0.001
0.001	0.001	0.001	0.997
0.748	0.250	0.001	0.001
>AGTAAGTC	11-AGTAAGTC	9.013597	-11.192485	0	T:53.0(3.73%),B:564.7(1.93%),P:1e-4	Tpos:525.0,Tstd:293.1,Bpos:542.7,Bstd:336.3,StrandBias:0.1,Multiplicity:1.00
0.870	0.128	0.001	0.001
0.001	0.001	0.997	0.001
0.001	0.001	0.001	0.997
0.997	0.001	0.001	0.001
0.997	0.001	0.001	0.001
0.001	0.001	0.997	0.001
0.001	0.001	0.001	0.997
0.001	0.997	0.001	0.001
